200
46 9
37 47
50 3
5 40
11 40
2 50
36 3
29 44
5 49
29 15
35 20
34 13
15 50
44 35
29 28
2 1
4 2
3 20
34 23
45 13
3 11
11 37
31 45
49 41
50 50
13 22
14 18
32 4
46 36
30 26
23 20
11 34
34 7
14 24
42 48
5 5
11 22
26 5
39 18
11 5
18 3
17 6
49 43
32 40
15 19
17 32
10 28
28 11
34 26
45 6
17 25
27 49
48 37
21 18
13 37
14 11
25 4
23 23
40 19
7 17
40 47
47 1
43 12
39 26
9 25
44 10
34 4
30 30
2 50
11 27
26 3
49 42
42 31
22 14
20 25
21 4
46 18
40 4
34 22
46 35
20 22
43 4
27 48
12 30
26 35
18 29
35 26
43 47
39 41
25 12
24 40
8 12
26 42
38 2
12 48
50 39
25 23
44 15
23 50
48 46
33 4
11 10
48 20
43 37
24 19
28 42
31 26
8 43
28 31
7 31
40 27
47 28
22 26
48 18
40 36
21 10
13 7
45 40
26 16
10 41
47 33
16 2
34 39
50 1
34 32
16 19
8 34
28 38
48 30
50 42
17 9
9 9
42 48
2 18
33 7
37 2
18 21
28 3
13 19
8 17
43 29
19 28
34 41
33 30
46 6
50 26
7 5
34 17
35 38
14 8
34 50
46 22
38 34
34 11
12 19
42 16
20 36
30 13
21 21
6 43
41 13
15 11
42 7
21 48
47 38
37 12
35 9
35 10
32 11
45 36
14 27
19 36
50 25
12 35
41 29
10 49
43 15
20 21
11 16
44 8
41 46
23 24
47 10
22 34
14 28
16 17
4 4
49 8
6 8
23 44
9 17
3 13
25 25
50 13
24 14
2 2
26 29
46 47
25 50
39 11
