100
217447 172192 94 9963
667185 163903 125 9921
440463 967684 197 9934
119260 0 720 1
889890 689114 436 5976
701667 0 264 9364
537591 227437 571 9979
2578 112908 967 9985
338630 265553 254 4996
0 0 10 5
28395 278556 658 9905
971892 481440 997 9912
524625 436960 327 9982
172160 124460 336 8134
483901 695580 811 9973
205675 918243 497 8297
722471 26625 983 3636
0 0 1000 10000
556983 973506 203 9922
501415 945355 569 9972
221414 269343 345 7564
131215 537781 688 9998
601866 538137 17 9942
158946 185505 905 659
252469 841142 86 1028
673957 138911 178 9921
20692 427041 666 9938
404743 366821 734 2749
79426 102170 876 9962
172672 80416 919 4305
922444 961428 704 9952
0 546655 32 1
919051 343122 824 9926
711656 64143 2 9956
463478 832310 809 8830
308084 252507 989 7753
570637 585043 117 4049
347606 577453 179 238
33710 658222 795 7675
937888 186364 854 8187
143075 668471 827 9973
499327 941971 960 9952
486930 437582 125 9703
191421 199361 977 9961
113132 551347 733 3463
9052 994714 718 9993
533302 995779 286 9909
282966 216434 809 9909
575981 413088 242 6168
53162 722222 682 2485
200047 990001 695 9938
193689 833023 441 9905
370225 832116 340 9905
54236 738437 579 9962
745321 346766 712 4922
0 0 569 1
0 314166 619 7220
335868 645684 762 1213
359926 224019 133 4327
530840 518222 950 9988
878280 481347 844 3981
434382 669418 429 9919
596083 706570 839 9955
456490 501980 901 8305
606447 974496 737 1936
639858 77998 830 9671
97417 69517 721 5091
982399 627656 809 134
244021 866238 659 8161
511037 648570 669 9918
86491 292553 412 9986
211238 875511 37 1492
880937 189339 633 9949
306712 472274 102 9981
338113 941171 946 9981
163124 308711 16 2017
295995 503659 983 9510
397619 114967 264 9911
411088 910731 697 1109
687188 972995 559 9911
228195 372883 189 632
874937 325799 289 9911
0 0 933 9
821567 667248 568 3852
482634 333617 48 9928
559301 414778 858 7949
193896 278394 315 9793
576739 86206 229 9959
121177 415754 8 877
730061 90564 794 5066
753756 559333 943 2266
152052 0 453 1
856453 397229 18 9905
100353 335796 127 5288
493536 775633 848 1018
274786 376057 640 9998
392848 499580 903 9945
761993 837552 848 9968
0 0 100 199
451787 56368 897 1996
