50
500000 5 85 39 61 72 97 100
500000 167 891 711 270 424 901 981
100000 0 999995001 1 0 10000 10000 1000000000
4 466835226 920073690 0 0 87019915 386044658 966148143
4 161332423 660192836 0 0 635269959 198242798 967905608
3 552325561 761017802 0 0 411410148 96156947 983407796
3 732862838 871202697 0 0 506814086 190026836 991117164
4 639134384 779236417 0 0 37035873 623292710 883885976
1000 42318451 688961153 0 0 385183562 772324230 948204606
1000 556750226 695722586 0 0 292225513 975012660 986438221
1000 295521913 747961541 0 0 396383411 335153692 996150864
1000 203931834 746313507 0 0 665326768 571931507 998641814
1000 238794062 969567151 0 0 222193563 584246524 964621961
1000 94385005 643654739 600887847 540293096 0 0 995383790
1000 40551883 527872386 13831699 780169814 0 0 952355714
1000 55067724 836567002 248739410 991261201 0 0 944244318
1000 164084394 617569471 17266268 743038234 0 0 982006052
1000 386628976 637630776 49369462 155228111 0 0 938752796
1000 389431924 823096997 82285527 383108817 200857766 775145880 941227768
1000 54735456 120801934 542462956 363026705 676336937 198596821 989653365
1000 24466505 712967498 769770721 49121137 734721501 50933554 991660910
1000 2661928 69350783 571993603 687900579 714279880 562232335 999538771
1000 110066803 722510911 86202266 123867668 297865801 683348881 993955180
1000 180683020 438502317 461278231 598451858 409369192 973256282 992110996
1000 734803176 767827664 603337940 909518831 641903676 819662939 990342188
1000 563750808 705772011 318712559 981639021 449560844 152089705 975250631
1000 397667768 617057502 235912038 508199269 217054159 809881803 954250784
1000 4545391 493746145 122738290 587499365 936341442 198703421 990171827
1000 5213231 290638997 546328541 137904388 360471068 316052971 997434355
1000 558872704 995963057 826255439 733807050 143940279 246317064 984222872
1000 127856103 328116092 83921205 379361591 44151748 1765552 992077648
1000 60362270 104923138 780059161 21768201 423333081 628008432 948151730
1000 146839753 584449646 401979374 800472365 11345652 77793770 977863396
1000 23560114 859940287 172648160 429362440 681488118 756991421 944464411
1000 287198167 881962120 720229577 640150611 36239838 708706783 995857787
1000 611520291 925341233 27371598 978180122 545228373 379761354 929101264
1000 58483525 210116509 106804491 212751660 852385532 174203669 942646668
1000 85113974 776666616 470803385 187950577 612246449 644660081 973626953
1000 44618495 627243602 156804440 155601102 406147265 487284636 999337652
1000 36970994 178925017 731849341 567377253 457156703 850066265 927651304
1000 644070063 951007639 97360033 120504702 864574462 179133909 940782589
463754 18262654 639010832 445009217 78727686 714707355 487270631 936672175
491754 589321091 681056281 778942404 403978756 688774985 757679373 959977010
487137 113987784 465362943 2497184 535356594 174050624 175018677 974962155
497687 385389006 692896445 573425783 371619415 838503395 117786544 911141553
500000 474114374 733514655 874246843 121048337 535675820 933589460 962622434
500000 61439530 655947486 441484265 255690669 971599265 181745711 957766097
500000 544589786 814442526 75210871 166269140 208892329 529213522 999685199
500000 117054759 768949298 521383113 920630819 895562140 984507624 899950991
500000 219548387 361074608 217628582 834757726 694839009 887111887 943792349
