50
1000 1 19 15 17 14 8 20
1000 8 19 14 16 1 4 20
1000 10 12 9 15 14 1 20
1000 0 999995001 1 0 10000 10000 1000000000
2 21636467 182339066 0 0 383394277 563320511 974286547
1 51323527 741722562 0 0 24304732 574046462 979807549
1 47735082 620152609 0 0 360244709 89612234 971633707
1 514542838 687839304 0 0 476175168 300293307 973486450
1 449661616 705929699 0 0 610200876 94887691 989402961
1000 42654488 721502662 0 0 859823554 537775915 989868784
1000 193031916 881366211 0 0 497471686 653883173 988901091
1000 656159162 778773218 0 0 296554707 182995920 979647893
1000 410548360 739028141 0 0 315455868 547741415 979168008
1000 427564657 821373840 0 0 327281000 960095784 991111932
1000 238899079 573656212 49953004 111878583 0 0 976516411
1000 46683174 194405946 598162219 858085479 0 0 974374812
1000 434429547 451509035 594376181 389896372 0 0 791506803
1000 760265369 903890253 839650440 78940097 0 0 994249785
1000 82985683 575705185 25100655 712856262 0 0 996476884
1000 151907853 505404458 281347650 580344699 267031680 289921395 962103385
1000 48183884 791384127 244033452 904389079 585401559 185858322 999742654
1000 895167361 964261881 936645627 460801162 951379680 772951562 946635479
1000 323318461 750531512 131402709 602336105 295270301 632593778 995957802
1000 108660952 509634436 138007434 16542949 261465103 737123282 981076668
1000 82481281 397154919 846149348 145644771 228561914 276753224 999754194
1000 713138921 921020086 307186087 751036435 579406965 972737337 972499045
1000 264023273 404303920 138231370 715579586 550359524 68812112 969742937
1000 510337919 792276429 787714432 679326402 809628185 983355705 991908227
1000 322943392 610182812 356004361 100764488 373928868 901396971 963209188
1000 244996372 993448799 856431510 606663473 803482132 169081855 984172884
1000 185469115 573438010 583492119 85089724 449572919 96508776 967421695
1000 257657429 699503296 14432601 145587459 355480932 842462809 992432382
1000 10180269 117744267 89826429 289660421 759602786 148865237 983509862
1000 372686251 503849096 656025886 74883171 178235919 93039381 974023103
1000 290135825 611664198 264921272 316091746 290832861 786142 987825784
1000 522773690 692664168 602797449 60243953 878915192 390511547 987534904
1000 245274733 392197440 260898909 888454406 946987827 243047487 997772756
1000 544808182 703225741 684120866 101520330 3471141 9031920 908200832
1000 160821999 563535820 195640384 435231349 978928344 856152017 977684931
1000 91175891 104685203 807063962 529987036 117077786 729502545 958058608
1000 795065128 831163218 80961699 36513246 49352684 948032204 970127969
1000 946856951 948214696 505274908 114186557 202820105 384979458 984239459
998 163470720 326086866 868304280 316239182 109295275 406268396 998813123
979 109884205 481251832 5135984 50776922 973057199 471489427 981978488
995 239486360 902684254 220527572 993264855 193195283 41909028 982399601
953 272329556 918967937 940638963 640851095 199764417 551043489 990052215
1000 184199808 833555873 174786655 954579955 653340429 717946607 956172214
1000 382167065 488632836 954547726 275587059 32995815 284523550 988794408
1000 188559340 248755687 844889714 379734336 13696304 906719404 996649374
1000 329328964 353422170 562304477 402844623 26840344 504717297 984569481
